SampleID Num_reads Num_R1 Num_R2 Num_Paired Num_MateMapped Num_Singletons Num_MateMappedDiffChr Coverage_depth
2019_25_N	2957238	1477338	1479900	1910342	2718400	60282	784580	2.55593
2019_32_H	3428742	1713321	1715421	2335204	3166982	55310	805672	3.02079
2019_33_G	3046520	1522161	1524359	2086026	2819274	53190	710916	2.81022
2019_33_H	2957238	1477338	1479900	1910342	2718400	60282	784580	2.61875
2019_25_N	3428742	1713321	1715421	2335204	3166982	55310	805672	2.55329
2019_32_H	3046520	1522161	1524359	2086026	2819274	53190	710916	2.75384
2019_33_G	2364330	1181472	1182858	1611016	2189816	40269	561644	3.05798
2019_33_H	2340822	1169678	1171144	1572350	2158480	46303	566858	2.69856
2019_34_H	3106958	1552006	1554952	2040020	2862072	57753	798066	2.61751
2019_34_J	3706132	1851049	1855083	2508848	3413362	65254	875188	2.64554
2019_35_F	2655349	1326761	1328588	1788060	2447080	51717	638432	2.38045
2019_35_G	2509246	1253740	1255506	1701320	2316740	47622	596270	2.57094
2020_27_D	2741631	1369736	1371895	1815130	2529578	51493	693270	2.83807
2020_29_D	1865979	932455	933524	1277082	1740598	31550	451468	2.75132
2020_30_D	2615429	1306689	1308740	1711168	2404384	51368	673226	2.55726
2020_51_I	3015266	1506960	1508306	2038502	2784626	49296	723290	2.55896
2020_52_I	2803332	1400783	1402549	1872630	2578162	48622	682782	2.54137
2020_54_I	2661249	1329702	1331547	1739286	2435470	51073	674706	2.73796
2020_55_F	2095094	1046504	1048590	1476198	1938158	41050	446534	2.85712
2020_55_J	2270142	1134517	1135625	1532166	2095912	40159	546808	2.66572
2021_10_I	3057316	1527946	1529370	2014466	2804168	55990	765830	2.49331
2021_41_O	3014482	1506773	1507709	2028738	2776036	48873	724148	2.82529
2021_42_O	3077856	1536981	1540875	1971414	2818636	62376	823260	2.48596
2021_44_O	2303154	1150742	1152412	1520624	2116080	47270	576018	2.63653
2021_45_N	3017045	1507632	1509413	2043544	2790392	53604	724734	2.73819
2021_45_O	2277665	1137972	1139693	1509470	2102870	41902	577146	2.63621
2021_6_H	2590244	1294479	1295765	1743772	2390170	46619	625706	2.69969
2021_6_I	3148991	1573658	1575333	2096278	2894978	54177	773394	2.70354
2022_36_H	2568063	1283061	1285002	1704132	2363808	47130	639448	2.65332
2022_36_I	2725432	1361695	1363737	1818448	2507642	53205	666706	2.60894
2022_37_F	2642780	1320862	1321918	1800794	2448558	45342	627660	2.54338
2022_40_H	2521790	1260208	1261582	1712264	2336010	43187	605564	2.57113
2022_51_M	2437848	1217638	1220210	1658546	2260956	42834	586162	2.63777
2022_52_N	2431212	1214610	1216602	1614724	2250578	42928	618002	1.11463
2022_53_L	2349309	1174077	1175232	1604804	2185140	40169	564916	2.5227
2022_53_O	3080303	1537955	1542348	1975308	2816450	63007	817234	2.48565
2024_16_H	41659	20826	20833	26248	36208	861	9630	2.75263
2024_16_J	2398454	1198270	1200184	1589484	2201238	48686	592344	2.25018
2024_17_F	2113482	1056408	1057074	1410014	1953640	37287	528116	2.75611
2024_18_F	2926905	1462622	1464283	1944086	2694374	53468	727854	2.62983
2024_32_D	1956210	973699	982511	1258542	1775366	46643	501952	2.6482
2024_33_M	3231454	1614228	1617226	2103194	2960158	63955	831486	2.58493
2024_33_O	2720794	1359181	1361613	1782914	2497836	51679	693138	2.66583
2024_35_C	2933791	1465285	1468506	1920552	2698632	56456	756580	2.73152
2027_41_F	2469077	1233259	1235818	1670396	2286054	44919	598954	2.88411
2027_41_J	2700055	1348735	1351320	1810328	2477604	57303	644676	2.50723
2027_42_H	2896913	1447581	1449332	1938810	2672054	52215	710946	2.61559
2027_42_J	3316436	1657225	1659211	2244730	3056364	54857	785972	2.54751
2027_43_G	1934285	966644	967641	1339208	1790640	34156	437518	2.60596
2027_44_G	2466916	1233240	1233676	1684122	2292764	39259	591378	2.68815
2027_44_H	2786047	1391309	1394738	1808504	2557140	57679	725938	2.60502
2027_45_I	2701445	1350139	1351306	1828154	2504156	45884	656550	2.56159
2030_1_F	2631469	1315422	1316047	1804196	2437342	41043	614156	2.94506
2030_3_H	2812242	1404309	1407933	1833668	2581206	57986	724750	2.68047
2030_4_J	2798229	1397629	1400600	1821686	2574690	56740	730750	2.69884
2030_56_O	3716068	1856676	1859392	2442724	3412760	69606	942110	2.55239
2030_57_O	2732062	1365078	1366984	1841878	2518430	52352	654708	2.53258
2030_58_K	2790973	1394836	1396137	1868368	2583002	50015	693668	2.45246
2030_59_N	2225144	1111894	1113250	1522830	2060438	40790	520592	2.86415
2030_60_L	2615896	1306533	1309363	1701150	2402562	53222	679866	2.7857
2032_46_B	2254627	1126902	1127725	1507236	2085244	39780	560800	2.66121
2032_46_E	3480897	1739332	1741565	2327346	3212638	60944	859354	2.56615
2032_48_A	3178785	1587997	1590788	2085424	2911032	60195	799890	2.52937
2032_48_C	2695453	1346708	1348745	1794836	2479068	49826	663052	2.86009
2032_48_E	2457230	1227726	1229504	1628918	2256154	49636	606664	2.54022
2032_49_A	2303740	1150450	1153290	1544622	2132994	41126	572244	2.50821
2032_49_B	3388827	1693415	1695412	2272300	3126760	60778	828258	2.41595
2032_50_E	2513261	1255048	1258213	1648408	2311988	48369	645080	2.84842
2100_12_K	2401859	1199992	1201867	1595886	2217834	44163	605082	2.58121
2100_18_B	1968880	984053	984827	1326830	1811416	38046	469638	2.58784
2100_19_B	3178611	1588321	1590290	2133758	2930558	53810	772286	2.82299
2100_46_J	2572535	1285503	1287032	1719130	2379152	47785	641482	2.61169
2100_47_H	2447312	1222950	1224362	1642480	2254368	48635	591910	2.52335
2100_47_J	3314770	1655809	1658961	2181812	3044338	63774	836234	2.50299
2100_48_I	2562390	1280339	1282051	1706570	2361786	46338	634886	2.4853
2101_14_G	2891787	1444754	1447033	1867436	2660602	56081	770398	2.82169
2101_14_I	2600598	1299289	1301309	1688958	2386794	50970	677174	2.74248
2101_46_K	2252327	1125100	1127227	1501396	2082330	41698	565202	2.81977
2101_46_O	3113520	1556042	1557478	2084158	2873150	56025	765424	2.91145
2101_47_K	3185495	1591630	1593865	2074360	2924432	60977	823740	2.67801
2101_49_K	2930907	1464552	1466355	1993218	2708186	48923	687744	2.87817
2101_49_L	3314092	1655771	1658321	2216980	3052448	54252	810310	2.49098
2101_50_M	2776308	1387518	1388790	1871022	2563614	49926	672036	2.67852
2103_36_A	3178877	1588560	1590317	2163270	2936154	51583	748432	2.68663
2103_36_B	2092037	1045373	1046664	1423802	1937700	35847	500006	2.53666
2103_36_C	2497681	1247935	1249746	1685386	2301266	41104	596308	2.9421
2103_36_E	3057709	1527262	1530447	1996782	2812158	61152	790454	2.86581
2103_38_B	2490898	1243875	1247023	1652232	2299822	47168	630558	2.70037
2103_39_A	3363592	1680590	1683002	2274570	3108962	57904	809720	2.72146
2103_40_B	3172122	1585047	1587075	2166388	2924814	59605	733806	2.64546
2103_40_D	3031981	1514548	1517433	1992094	2791780	57991	776800	2.61017
2505_36_O	3107897	1552705	1555192	2082314	2870356	55030	765326	2.60447
2505_38_O	2978329	1487709	1490620	1940650	2742080	57819	778364	2.58342
2505_39_O	2534588	1266355	1268233	1699944	2330920	48296	611106	2.83335
2505_40_O	2349586	1174278	1175308	1605092	2186152	38593	565342	2.62195
2505_60_G	2390553	1194448	1196105	1615394	2202560	46648	567772	2.59175
2505_60_I	2970816	1484733	1486083	1999610	2735416	49162	712872	2.51578
2505_9_A	2739408	1368559	1370849	1805208	2515920	52928	688472	2.54399
2505_9_C	2525912	1261860	1264052	1697764	2325400	45652	607618	2.60189
MN1_1	2313223	1155636	1157587	1544290	2134520	38962	573414	2.58837
MN1_2	2514709	1256525	1258184	1676980	2320644	42434	625718	2.29013
MN1_3	2565513	1281698	1283815	1731398	2365560	44593	615690	2.53468
MN1_5	2358111	1178079	1180032	1619590	2188036	37990	552474	2.26246
MN2_1	1606755	803251	803504	1112108	1491500	25721	368556	2.55455
MN2_2	2626381	1311738	1314643	1742076	2413502	48617	652262	2.37909
MN2_3	1779207	886693	892514	1190784	1629900	36141	426424	2.56566
MN2_4	2452785	1225627	1227158	1651562	2260876	43864	591602	2.58455
MN2_5	1713964	856393	857571	1180600	1578022	34079	384154	2.57753
WISC_10	2220848	1109713	1111135	1544064	2065228	35362	506072	2.50767
WISC_1	2674806	1336449	1338357	1783992	2465534	47593	661832	2.59096
WISC_2	2208737	1103638	1105099	1535752	2051056	35127	500448	2.45351
WISC_4	2319390	1158896	1160494	1544800	2123848	43066	561918	2.79736
WISC_5	2506244	1252089	1254155	1693428	2316872	42015	605824	2.39374
WISC_6	2166725	1082626	1084099	1461468	1997896	38762	520550	
WISC_7	3102293	1549316	1552977	2088690	2846438	57172	734616	
WISC_8	2030798	1014873	1015925	1385410	1871386	35813	471326	
WISC_9		
